0, SEED_LT_TMP, 1588638652850
2, SEED_LT_CLIENT_BEFORE_TCP_CONNECT, 1588638652787
3, SEED_LT_CLIENT_AFTER_TCP_CONNECT, 1588638652839
4, SEED_LT_CLIENT_BEFORE_TLS_CONNECT, 1588638652839
5, SEED_LT_CLIENT_AFTER_TLS_CONNECT, 1588638652850
6, SEED_LT_CLIENT_FETCH_HTML_START, 1588638652850
7, SEED_LT_CLIENT_FETCH_HTML_END, 1588638653318
14, SEED_LT_CLIENT_START_CLIENT_HELLO, 1588638652839
15, SEED_LT_CLIENT_CONSTRUCT_CLIENT_HELLO, 1588638652839
16, SEED_LT_CLIENT_BEFORE_SEND_CLIENT_HELLO, 1588638652839
17, SEED_LT_CLIENT_AFTER_SEND_CLIENT_HELLO, 1588638652839
18, SEED_LT_CLIENT_BEFORE_POST_CLIENT_HELLO, 1588638652839
19, SEED_LT_CLIENT_FINISH_CLIENT_HELLO, 1588638652839
20, SEED_LT_CLIENT_START_SERVER_HELLO, 1588638652844
21, SEED_LT_CLIENT_RECV_SERVER_HELLO, 1588638652844
22, SEED_LT_CLIENT_BEFORE_PROCESS_SERVER_HELLO, 1588638652844
23, SEED_LT_CLIENT_AFTER_PROCESS_SERVER_HELLO, 1588638652844
32, SEED_LT_CLIENT_START_READ_NEWSESSION_TICKET, 1588638652850
33, SEED_LT_CLIENT_RECV_READ_NEWSESSION_TICKET, 1588638652850
34, SEED_LT_CLIENT_BEFORE_PROCESS_READ_NEWSESSION_TICKET, 1588638652850
35, SEED_LT_CLIENT_AFTER_PROCESS_READ_NEWSESSION_TICKET, 1588638652850
56, SEED_LT_CLIENT_START_READ_CERTIFICATE, 1588638652846
57, SEED_LT_CLIENT_RECV_READ_CERTIFICATE, 1588638652846
58, SEED_LT_CLIENT_BEFORE_PROCESS_READ_CERTIFICATE, 1588638652846
59, SEED_LT_CLIENT_AFTER_PROCESS_READ_CERTIFICATE, 1588638652846
62, SEED_LT_CLIENT_START_SERVER_KEY_EXCHANGE, 1588638652846
63, SEED_LT_CLIENT_RECV_SERVER_KEY_EXCHANGE, 1588638652846
64, SEED_LT_CLIENT_BEFORE_PROCESS_SERVER_KEY_EXCHANGE, 1588638652846
65, SEED_LT_CLIENT_AFTER_PROCESS_SERVER_KEY_EXCHANGE, 1588638652847
74, SEED_LT_CLIENT_START_SERVER_DONE, 1588638652847
75, SEED_LT_CLIENT_RECV_SERVER_DONE, 1588638652847
76, SEED_LT_CLIENT_BEFORE_PROCESS_SERVER_DONE, 1588638652847
77, SEED_LT_CLIENT_AFTER_PROCESS_SERVER_DONE, 1588638652847
92, SEED_LT_CLIENT_START_CLIENT_KEY_EXCHANGE, 1588638652847
93, SEED_LT_CLIENT_CONSTRUCT_CLIENT_KEY_EXCHANGE, 1588638652847
94, SEED_LT_CLIENT_BEFORE_SEND_CLIENT_KEY_EXCHANGE, 1588638652847
95, SEED_LT_CLIENT_AFTER_SEND_CLIENT_KEY_EXCHANGE, 1588638652847
96, SEED_LT_CLIENT_BEFORE_POST_CLIENT_KEY_EXCHANGE, 1588638652847
97, SEED_LT_CLIENT_FINISH_CLIENT_KEY_EXCHANGE, 1588638652847
98, SEED_LT_CLIENT_START_CLIENT_FINISHED, 1588638652847
99, SEED_LT_CLIENT_CONSTRUCT_CLIENT_FINISHED, 1588638652847
100, SEED_LT_CLIENT_BEFORE_SEND_CLIENT_FINISHED, 1588638652847
101, SEED_LT_CLIENT_AFTER_SEND_CLIENT_FINISHED, 1588638652847
102, SEED_LT_CLIENT_BEFORE_POST_CLIENT_FINISHED, 1588638652847
103, SEED_LT_CLIENT_FINISH_CLIENT_FINISHED, 1588638652847
104, SEED_LT_CLIENT_START_SERVER_FINISHED, 1588638652850
105, SEED_LT_CLIENT_RECV_SERVER_FINISHED, 1588638652850
106, SEED_LT_CLIENT_BEFORE_PROCESS_SERVER_FINISHED, 1588638652850
107, SEED_LT_CLIENT_AFTER_PROCESS_SERVER_FINISHED, 1588638652850
158, SEED_LT_CLIENT_START_WRITE_CHANGE_CIPHER_SPEC, 1588638652847
159, SEED_LT_CLIENT_CONSTRUCT_WRITE_CHANGE_CIPHER_SPEC, 1588638652847
160, SEED_LT_CLIENT_BEFORE_SEND_WRITE_CHANGE_CIPHER_SPEC, 1588638652847
161, SEED_LT_CLIENT_AFTER_SEND_WRITE_CHANGE_CIPHER_SPEC, 1588638652847
162, SEED_LT_CLIENT_BEFORE_POST_WRITE_CHANGE_CIPHER_SPEC, 1588638652847
163, SEED_LT_CLIENT_FINISH_WRITE_CHANGE_CIPHER_SPEC, 1588638652847
164, SEED_LT_CLIENT_START_READ_CHANGE_CIPHER_SPEC, 1588638652850
165, SEED_LT_CLIENT_RECV_READ_CHANGE_CIPHER_SPEC, 1588638652850
166, SEED_LT_CLIENT_BEFORE_PROCESS_READ_CHANGE_CIPHER_SPEC, 1588638652850
167, SEED_LT_CLIENT_AFTER_PROCESS_READ_CHANGE_CIPHER_SPEC, 1588638652850
