0, SEED_LT_TMP, 45
2, SEED_LT_CLIENT_BEFORE_TCP_CONNECT, 8
3, SEED_LT_CLIENT_AFTER_TCP_CONNECT, 13
4, SEED_LT_CLIENT_BEFORE_TLS_CONNECT, 13
5, SEED_LT_CLIENT_AFTER_TLS_CONNECT, 45
6, SEED_LT_CLIENT_FETCH_HTML_START, 45
7, SEED_LT_CLIENT_FETCH_HTML_END, 1024
14, SEED_LT_CLIENT_START_CLIENT_HELLO, 13
15, SEED_LT_CLIENT_CONSTRUCT_CLIENT_HELLO, 13
16, SEED_LT_CLIENT_BEFORE_SEND_CLIENT_HELLO, 13
17, SEED_LT_CLIENT_AFTER_SEND_CLIENT_HELLO, 13
18, SEED_LT_CLIENT_BEFORE_POST_CLIENT_HELLO, 13
19, SEED_LT_CLIENT_FINISH_CLIENT_HELLO, 13
20, SEED_LT_CLIENT_START_SERVER_HELLO, 29
21, SEED_LT_CLIENT_RECV_SERVER_HELLO, 29
22, SEED_LT_CLIENT_BEFORE_PROCESS_SERVER_HELLO, 29
23, SEED_LT_CLIENT_AFTER_PROCESS_SERVER_HELLO, 29
32, SEED_LT_CLIENT_START_READ_NEWSESSION_TICKET, 45
33, SEED_LT_CLIENT_RECV_READ_NEWSESSION_TICKET, 45
34, SEED_LT_CLIENT_BEFORE_PROCESS_READ_NEWSESSION_TICKET, 45
35, SEED_LT_CLIENT_AFTER_PROCESS_READ_NEWSESSION_TICKET, 45
56, SEED_LT_CLIENT_START_READ_CERTIFICATE, 35
57, SEED_LT_CLIENT_RECV_READ_CERTIFICATE, 35
58, SEED_LT_CLIENT_BEFORE_PROCESS_READ_CERTIFICATE, 35
59, SEED_LT_CLIENT_AFTER_PROCESS_READ_CERTIFICATE, 35
62, SEED_LT_CLIENT_START_SERVER_KEY_EXCHANGE, 35
63, SEED_LT_CLIENT_RECV_SERVER_KEY_EXCHANGE, 35
64, SEED_LT_CLIENT_BEFORE_PROCESS_SERVER_KEY_EXCHANGE, 35
65, SEED_LT_CLIENT_AFTER_PROCESS_SERVER_KEY_EXCHANGE, 35
74, SEED_LT_CLIENT_START_SERVER_DONE, 35
75, SEED_LT_CLIENT_RECV_SERVER_DONE, 35
76, SEED_LT_CLIENT_BEFORE_PROCESS_SERVER_DONE, 35
77, SEED_LT_CLIENT_AFTER_PROCESS_SERVER_DONE, 35
92, SEED_LT_CLIENT_START_CLIENT_KEY_EXCHANGE, 35
93, SEED_LT_CLIENT_CONSTRUCT_CLIENT_KEY_EXCHANGE, 35
94, SEED_LT_CLIENT_BEFORE_SEND_CLIENT_KEY_EXCHANGE, 35
95, SEED_LT_CLIENT_AFTER_SEND_CLIENT_KEY_EXCHANGE, 35
96, SEED_LT_CLIENT_BEFORE_POST_CLIENT_KEY_EXCHANGE, 35
97, SEED_LT_CLIENT_FINISH_CLIENT_KEY_EXCHANGE, 35
98, SEED_LT_CLIENT_START_CLIENT_FINISHED, 35
99, SEED_LT_CLIENT_CONSTRUCT_CLIENT_FINISHED, 35
100, SEED_LT_CLIENT_BEFORE_SEND_CLIENT_FINISHED, 35
101, SEED_LT_CLIENT_AFTER_SEND_CLIENT_FINISHED, 35
102, SEED_LT_CLIENT_BEFORE_POST_CLIENT_FINISHED, 35
103, SEED_LT_CLIENT_FINISH_CLIENT_FINISHED, 35
104, SEED_LT_CLIENT_START_SERVER_FINISHED, 45
105, SEED_LT_CLIENT_RECV_SERVER_FINISHED, 45
106, SEED_LT_CLIENT_BEFORE_PROCESS_SERVER_FINISHED, 45
107, SEED_LT_CLIENT_AFTER_PROCESS_SERVER_FINISHED, 45
158, SEED_LT_CLIENT_START_WRITE_CHANGE_CIPHER_SPEC, 35
159, SEED_LT_CLIENT_CONSTRUCT_WRITE_CHANGE_CIPHER_SPEC, 35
160, SEED_LT_CLIENT_BEFORE_SEND_WRITE_CHANGE_CIPHER_SPEC, 35
161, SEED_LT_CLIENT_AFTER_SEND_WRITE_CHANGE_CIPHER_SPEC, 35
162, SEED_LT_CLIENT_BEFORE_POST_WRITE_CHANGE_CIPHER_SPEC, 35
163, SEED_LT_CLIENT_FINISH_WRITE_CHANGE_CIPHER_SPEC, 35
164, SEED_LT_CLIENT_START_READ_CHANGE_CIPHER_SPEC, 45
165, SEED_LT_CLIENT_RECV_READ_CHANGE_CIPHER_SPEC, 45
166, SEED_LT_CLIENT_BEFORE_PROCESS_READ_CHANGE_CIPHER_SPEC, 45
167, SEED_LT_CLIENT_AFTER_PROCESS_READ_CHANGE_CIPHER_SPEC, 45
