0, SEED_LT_TMP, 1587675002668
204, SEED_LT_SERVER_BEFORE_TLS_ACCEPT, 1587675002667
205, SEED_LT_SERVER_AFTER_TLS_ACCEPT, 1587675002668
214, SEED_LT_SERVER_START_CLIENT_HELLO, 1587675002665
215, SEED_LT_SERVER_RECV_CLIENT_HELLO, 1587675002665
216, SEED_LT_SERVER_BEFORE_PROCESS_CLIENT_HELLO, 1587675002665
217, SEED_LT_SERVER_AFTER_PROCESS_CLIENT_HELLO, 1587675002665
218, SEED_LT_SERVER_BEFORE_POST_CLIENT_HELLO, 1587675002665
219, SEED_LT_SERVER_FINISH_CLIENT_HELLO, 1587675002666
220, SEED_LT_SERVER_START_SERVER_HELLO, 1587675002666
221, SEED_LT_SERVER_CONSTRUCT_SERVER_HELLO, 1587675002666
222, SEED_LT_SERVER_BEFORE_SEND_SERVER_HELLO, 1587675002666
223, SEED_LT_SERVER_AFTER_SEND_SERVER_HELLO, 1587675002666
224, SEED_LT_SERVER_BEFORE_POST_SERVER_HELLO, 1587675002666
225, SEED_LT_SERVER_FINISH_SERVER_HELLO, 1587675002666
232, SEED_LT_SERVER_START_WRITE_NEWSESSION_TICKET, 1587675002668
233, SEED_LT_SERVER_CONSTRUCT_WRITE_NEWSESSION_TICKET, 1587675002668
234, SEED_LT_SERVER_BEFORE_SEND_WRITE_NEWSESSION_TICKET, 1587675002668
235, SEED_LT_SERVER_AFTER_SEND_WRITE_NEWSESSION_TICKET, 1587675002668
236, SEED_LT_SERVER_BEFORE_POST_WRITE_NEWSESSION_TICKET, 1587675002668
237, SEED_LT_SERVER_FINISH_WRITE_NEWSESSION_TICKET, 1587675002668
244, SEED_LT_SERVER_START_ENCRYPTED_EXTENSIONS, 1587675002666
245, SEED_LT_SERVER_CONSTRUCT_ENCRYPTED_EXTENSIONS, 1587675002666
246, SEED_LT_SERVER_BEFORE_SEND_ENCRYPTED_EXTENSIONS, 1587675002666
247, SEED_LT_SERVER_AFTER_SEND_ENCRYPTED_EXTENSIONS, 1587675002666
248, SEED_LT_SERVER_BEFORE_POST_ENCRYPTED_EXTENSIONS, 1587675002666
249, SEED_LT_SERVER_FINISH_ENCRYPTED_EXTENSIONS, 1587675002666
256, SEED_LT_SERVER_START_WRITE_CERTIFICATE, 1587675002666
257, SEED_LT_SERVER_CONSTRUCT_WRITE_CERTIFICATE, 1587675002666
258, SEED_LT_SERVER_BEFORE_SEND_WRITE_CERTIFICATE, 1587675002666
259, SEED_LT_SERVER_AFTER_SEND_WRITE_CERTIFICATE, 1587675002666
260, SEED_LT_SERVER_BEFORE_POST_WRITE_CERTIFICATE, 1587675002666
261, SEED_LT_SERVER_FINISH_WRITE_CERTIFICATE, 1587675002666
286, SEED_LT_SERVER_START_WRITE_CERTIFICATE_VERIFY, 1587675002666
287, SEED_LT_SERVER_CONSTRUCT_WRITE_CERTIFICATE_VERIFY, 1587675002666
288, SEED_LT_SERVER_BEFORE_SEND_WRITE_CERTIFICATE_VERIFY, 1587675002666
289, SEED_LT_SERVER_AFTER_SEND_WRITE_CERTIFICATE_VERIFY, 1587675002666
290, SEED_LT_SERVER_BEFORE_POST_WRITE_CERTIFICATE_VERIFY, 1587675002666
291, SEED_LT_SERVER_FINISH_WRITE_CERTIFICATE_VERIFY, 1587675002666
298, SEED_LT_SERVER_START_CLIENT_FINISHED, 1587675002667
299, SEED_LT_SERVER_RECV_CLIENT_FINISHED, 1587675002667
300, SEED_LT_SERVER_BEFORE_PROCESS_CLIENT_FINISHED, 1587675002667
301, SEED_LT_SERVER_AFTER_PROCESS_CLIENT_FINISHED, 1587675002667
304, SEED_LT_SERVER_START_SERVER_FINISHED, 1587675002666
305, SEED_LT_SERVER_CONSTRUCT_SERVER_FINISHED, 1587675002666
306, SEED_LT_SERVER_BEFORE_SEND_SERVER_FINISHED, 1587675002666
307, SEED_LT_SERVER_AFTER_SEND_SERVER_FINISHED, 1587675002666
308, SEED_LT_SERVER_BEFORE_POST_SERVER_FINISHED, 1587675002666
309, SEED_LT_SERVER_FINISH_SERVER_FINISHED, 1587675002667
358, SEED_LT_SERVER_START_WRITE_CHANGE_CIPHER_SPEC, 1587675002666
359, SEED_LT_SERVER_CONSTRUCT_WRITE_CHANGE_CIPHER_SPEC, 1587675002666
360, SEED_LT_SERVER_BEFORE_SEND_WRITE_CHANGE_CIPHER_SPEC, 1587675002666
361, SEED_LT_SERVER_AFTER_SEND_WRITE_CHANGE_CIPHER_SPEC, 1587675002666
362, SEED_LT_SERVER_BEFORE_POST_WRITE_CHANGE_CIPHER_SPEC, 1587675002666
363, SEED_LT_SERVER_FINISH_WRITE_CHANGE_CIPHER_SPEC, 1587675002666
