0, SEED_LT_TMP, 63
204, SEED_LT_SERVER_BEFORE_TLS_ACCEPT, 63
214, SEED_LT_SERVER_START_CLIENT_HELLO, 62
215, SEED_LT_SERVER_RECV_CLIENT_HELLO, 62
216, SEED_LT_SERVER_BEFORE_PROCESS_CLIENT_HELLO, 62
217, SEED_LT_SERVER_AFTER_PROCESS_CLIENT_HELLO, 62
218, SEED_LT_SERVER_BEFORE_POST_CLIENT_HELLO, 62
219, SEED_LT_SERVER_FINISH_CLIENT_HELLO, 62
220, SEED_LT_SERVER_START_SERVER_HELLO, 62
221, SEED_LT_SERVER_CONSTRUCT_SERVER_HELLO, 63
222, SEED_LT_SERVER_BEFORE_SEND_SERVER_HELLO, 63
223, SEED_LT_SERVER_AFTER_SEND_SERVER_HELLO, 63
224, SEED_LT_SERVER_BEFORE_POST_SERVER_HELLO, 63
225, SEED_LT_SERVER_FINISH_SERVER_HELLO, 63
244, SEED_LT_SERVER_START_ENCRYPTED_EXTENSIONS, 63
245, SEED_LT_SERVER_CONSTRUCT_ENCRYPTED_EXTENSIONS, 63
246, SEED_LT_SERVER_BEFORE_SEND_ENCRYPTED_EXTENSIONS, 63
247, SEED_LT_SERVER_AFTER_SEND_ENCRYPTED_EXTENSIONS, 63
248, SEED_LT_SERVER_BEFORE_POST_ENCRYPTED_EXTENSIONS, 63
249, SEED_LT_SERVER_FINISH_ENCRYPTED_EXTENSIONS, 63
256, SEED_LT_SERVER_START_WRITE_CERTIFICATE, 63
257, SEED_LT_SERVER_CONSTRUCT_WRITE_CERTIFICATE, 63
258, SEED_LT_SERVER_BEFORE_SEND_WRITE_CERTIFICATE, 63
259, SEED_LT_SERVER_AFTER_SEND_WRITE_CERTIFICATE, 63
260, SEED_LT_SERVER_BEFORE_POST_WRITE_CERTIFICATE, 63
261, SEED_LT_SERVER_FINISH_WRITE_CERTIFICATE, 63
286, SEED_LT_SERVER_START_WRITE_CERTIFICATE_VERIFY, 63
287, SEED_LT_SERVER_CONSTRUCT_WRITE_CERTIFICATE_VERIFY, 63
288, SEED_LT_SERVER_BEFORE_SEND_WRITE_CERTIFICATE_VERIFY, 63
289, SEED_LT_SERVER_AFTER_SEND_WRITE_CERTIFICATE_VERIFY, 63
290, SEED_LT_SERVER_BEFORE_POST_WRITE_CERTIFICATE_VERIFY, 63
291, SEED_LT_SERVER_FINISH_WRITE_CERTIFICATE_VERIFY, 63
304, SEED_LT_SERVER_START_SERVER_FINISHED, 63
305, SEED_LT_SERVER_CONSTRUCT_SERVER_FINISHED, 63
306, SEED_LT_SERVER_BEFORE_SEND_SERVER_FINISHED, 63
307, SEED_LT_SERVER_AFTER_SEND_SERVER_FINISHED, 63
308, SEED_LT_SERVER_BEFORE_POST_SERVER_FINISHED, 63
309, SEED_LT_SERVER_FINISH_SERVER_FINISHED, 63
358, SEED_LT_SERVER_START_WRITE_CHANGE_CIPHER_SPEC, 63
359, SEED_LT_SERVER_CONSTRUCT_WRITE_CHANGE_CIPHER_SPEC, 63
360, SEED_LT_SERVER_BEFORE_SEND_WRITE_CHANGE_CIPHER_SPEC, 63
361, SEED_LT_SERVER_AFTER_SEND_WRITE_CHANGE_CIPHER_SPEC, 63
362, SEED_LT_SERVER_BEFORE_POST_WRITE_CHANGE_CIPHER_SPEC, 63
363, SEED_LT_SERVER_FINISH_WRITE_CHANGE_CIPHER_SPEC, 63
