205, SEED_LT_SERVER_AFTER_TLS_ACCEPT, 20
