0, SEED_LT_TMP, 79
204, SEED_LT_SERVER_BEFORE_TLS_ACCEPT, 78
205, SEED_LT_SERVER_AFTER_TLS_ACCEPT, 79
214, SEED_LT_SERVER_START_CLIENT_HELLO, 78
215, SEED_LT_SERVER_RECV_CLIENT_HELLO, 78
216, SEED_LT_SERVER_BEFORE_PROCESS_CLIENT_HELLO, 78
217, SEED_LT_SERVER_AFTER_PROCESS_CLIENT_HELLO, 78
218, SEED_LT_SERVER_BEFORE_POST_CLIENT_HELLO, 78
219, SEED_LT_SERVER_FINISH_CLIENT_HELLO, 78
220, SEED_LT_SERVER_START_SERVER_HELLO, 78
221, SEED_LT_SERVER_CONSTRUCT_SERVER_HELLO, 78
222, SEED_LT_SERVER_BEFORE_SEND_SERVER_HELLO, 78
223, SEED_LT_SERVER_AFTER_SEND_SERVER_HELLO, 78
224, SEED_LT_SERVER_BEFORE_POST_SERVER_HELLO, 78
225, SEED_LT_SERVER_FINISH_SERVER_HELLO, 78
232, SEED_LT_SERVER_START_WRITE_NEWSESSION_TICKET, 79
233, SEED_LT_SERVER_CONSTRUCT_WRITE_NEWSESSION_TICKET, 79
234, SEED_LT_SERVER_BEFORE_SEND_WRITE_NEWSESSION_TICKET, 79
235, SEED_LT_SERVER_AFTER_SEND_WRITE_NEWSESSION_TICKET, 79
236, SEED_LT_SERVER_BEFORE_POST_WRITE_NEWSESSION_TICKET, 79
237, SEED_LT_SERVER_FINISH_WRITE_NEWSESSION_TICKET, 79
244, SEED_LT_SERVER_START_ENCRYPTED_EXTENSIONS, 78
245, SEED_LT_SERVER_CONSTRUCT_ENCRYPTED_EXTENSIONS, 78
246, SEED_LT_SERVER_BEFORE_SEND_ENCRYPTED_EXTENSIONS, 78
247, SEED_LT_SERVER_AFTER_SEND_ENCRYPTED_EXTENSIONS, 78
248, SEED_LT_SERVER_BEFORE_POST_ENCRYPTED_EXTENSIONS, 78
249, SEED_LT_SERVER_FINISH_ENCRYPTED_EXTENSIONS, 78
256, SEED_LT_SERVER_START_WRITE_CERTIFICATE, 78
257, SEED_LT_SERVER_CONSTRUCT_WRITE_CERTIFICATE, 78
258, SEED_LT_SERVER_BEFORE_SEND_WRITE_CERTIFICATE, 78
259, SEED_LT_SERVER_AFTER_SEND_WRITE_CERTIFICATE, 78
260, SEED_LT_SERVER_BEFORE_POST_WRITE_CERTIFICATE, 78
261, SEED_LT_SERVER_FINISH_WRITE_CERTIFICATE, 78
286, SEED_LT_SERVER_START_WRITE_CERTIFICATE_VERIFY, 78
287, SEED_LT_SERVER_CONSTRUCT_WRITE_CERTIFICATE_VERIFY, 78
288, SEED_LT_SERVER_BEFORE_SEND_WRITE_CERTIFICATE_VERIFY, 78
289, SEED_LT_SERVER_AFTER_SEND_WRITE_CERTIFICATE_VERIFY, 78
290, SEED_LT_SERVER_BEFORE_POST_WRITE_CERTIFICATE_VERIFY, 78
291, SEED_LT_SERVER_FINISH_WRITE_CERTIFICATE_VERIFY, 78
298, SEED_LT_SERVER_START_CLIENT_FINISHED, 78
299, SEED_LT_SERVER_RECV_CLIENT_FINISHED, 78
300, SEED_LT_SERVER_BEFORE_PROCESS_CLIENT_FINISHED, 78
301, SEED_LT_SERVER_AFTER_PROCESS_CLIENT_FINISHED, 78
304, SEED_LT_SERVER_START_SERVER_FINISHED, 78
305, SEED_LT_SERVER_CONSTRUCT_SERVER_FINISHED, 78
306, SEED_LT_SERVER_BEFORE_SEND_SERVER_FINISHED, 78
307, SEED_LT_SERVER_AFTER_SEND_SERVER_FINISHED, 78
308, SEED_LT_SERVER_BEFORE_POST_SERVER_FINISHED, 78
309, SEED_LT_SERVER_FINISH_SERVER_FINISHED, 78
358, SEED_LT_SERVER_START_WRITE_CHANGE_CIPHER_SPEC, 78
359, SEED_LT_SERVER_CONSTRUCT_WRITE_CHANGE_CIPHER_SPEC, 78
360, SEED_LT_SERVER_BEFORE_SEND_WRITE_CHANGE_CIPHER_SPEC, 78
361, SEED_LT_SERVER_AFTER_SEND_WRITE_CHANGE_CIPHER_SPEC, 78
362, SEED_LT_SERVER_BEFORE_POST_WRITE_CHANGE_CIPHER_SPEC, 78
363, SEED_LT_SERVER_FINISH_WRITE_CHANGE_CIPHER_SPEC, 78
